0.666839
0.407202
0.197593
0.199846
0.115632
0.945741
0.036818
0.752264
0.439348
0.775547
0.801983
0.326101
0.678322
0.427451
0.784388
0.259778
0.182063
0.583125
0.531096
0.064896
0.705650
0.486676
0.850864
0.117103
0.163120
0.024256
0.851835
0.805512
0.013337
0.781415
0.923054
0.923486
0.415537
0.745304
0.533147
0.276268
0.071429
0.132227
0.328440
0.884074
0.255486
0.141827
0.896042
0.146824
0.280433
0.611488
0.357688
0.694961
0.243280
0.987906
0.312979
0.733004
0.748047
0.552766
0.275273
0.153638
0.994385
0.476952
0.192802
0.082888
0.733351
0.058644
0.191532
0.280666
0.516938
0.380887
0.471531
0.125752
0.668142
0.721415
0.042833
0.118975
0.130551
0.978295
0.666839
0.745419
0.388212
0.357781
0.441226
0.116611
0.273594
0.538058
0.727104
0.456302
0.781415
0.629953
0.325928
0.163322
0.671577
0.593217
0.311136
0.118284
0.007239
0.916427
0.282610
0.351286
0.390641
0.543558
0.959718
0.814930
0.668853
0.283157
0.799189
0.677021
0.772430
0.425094
0.680687
0.708462
0.551151
0.563996
0.630428
0.226550
0.118246
0.822437
0.648694
0.297879
0.200861
0.319152
0.696608
0.542410
0.400548
0.826459
0.052817
0.821401
0.922114
0.607826
0.435812
0.783068
0.641694
0.863192
0.169832
0.246922
0.787460
0.911549
0.413016
0.992051
0.787460
0.817339
0.962460
0.770980
0.852125
0.747020
0.511653
0.668972
0.901071
0.090024
0.964715
0.978295
