0.311394
0.457702
0.448774
0.682797
0.064750
0.635117
0.602964
0.301525
0.054736
0.235421
0.207425
0.138246
0.132014
0.584705
0.409337
0.300702
0.227639
0.909896
0.093947
0.429373
0.632579
0.374131
0.102897
0.737180
0.181178
0.156896
0.307102
0.175070
0.789635
0.092746
0.431913
0.321971
0.573600
0.356335
0.914605
0.763722
0.641742
0.036637
0.360303
0.437053
0.516472
0.085464
0.128020
0.905605
0.650563
0.640601
0.112540
0.956283
0.099446
0.010623
0.893829
0.020809
0.826566
0.620935
0.665260
0.199724
0.187502
0.186211
0.676291
0.836395
0.067395
0.370269
0.363179
0.929660
0.048059
0.077442
0.496275
0.835767
0.571352
0.214264
0.786973
0.833061
0.451209
0.334544
0.311394
0.436084
0.683515
0.091555
0.901958
0.845185
0.435654
0.186867
0.622076
0.404744
0.847145
0.472050
0.752649
0.996944
0.307708
0.195562
0.208924
0.528925
0.087596
0.101003
0.480945
0.372993
0.898579
0.551052
0.280731
0.512719
0.021165
0.508790
0.739917
0.532271
0.666519
0.024007
0.645550
0.802007
0.342669
0.233823
0.537374
0.976852
0.070347
0.286736
0.516082
0.118542
0.983477
0.352338
0.237310
0.821520
0.229757
0.965250
0.951293
0.949279
0.259132
0.375072
0.542869
0.410680
0.125031
0.124283
0.640254
0.479049
0.959567
0.335786
0.164246
0.009760
0.670867
0.362038
0.401066
0.732104
0.191380
0.640859
0.822270
0.191330
0.270790
0.397699
0.411331
0.334544
